19 21 24 27 28
31 32 33 36
67 68 70 71 74 76
9 12 13 15
80 81 84 86
24 27 28 30 33 35
39 40 43 44 46
14 17 18 19 21 22 23
99 97 95 92 90 89 86
31 29 27 25 23
12 11 2 5 2 
40 2 37 35 33 32
28 26 23 21 18
42 41 2 37 35 34 31
16 13 12 9 8
65 2 62 61 58 56 53
10 11 12 13 14 16
46 48 51 54
13 14 17 20
31 33 36 38 40 42 45
10 11 13 16
77 79 80 81 83
35 37 38 41
68 67 66 65 62
93 92 91 90 88
21 20 19 16 14 13
19 17 16 14 13
81 78 77 75 72 69 68
65 62 60 57
42 41 39 36 35 34 31
39 37 36 34 33 32 29
54 52 49 46 45 43
48 45 43 42
76 73 72 70 68 66 63
47 45 44 41 39 38 37
67 70 71 72 73 75 78
87 84 83 81 78 77 76
55 57 60 63 64
12 15 17 19
43 42 41 40 37
27 28 31 32 33
55 58 59 60 63 66
56 55 52 51 50 48 45
64 61 58 55 52 50